Total puzzles loaded: 40
Example Puzzle:
4 7 0 | 8 0 0 | 6 9 0 
0 0 0 | 0 3 0 | 1 0 0 
0 0 6 | 0 0 0 | 0 0 0 
---------------------
5 6 0 | 0 0 1 | 8 0 0 
0 0 8 | 0 0 0 | 0 6 0 
0 0 2 | 5 0 0 | 0 0 0 
---------------------
9 5 0 | 4 0 0 | 0 7 0 
0 0 0 | 0 0 8 | 0 0 4 
2 0 0 | 0 0 0 | 0 0 0 

Bit Manipulation Result:
4 7 3 | 8 1 2 | 6 9 5 
8 9 5 | 6 3 4 | 1 2 7 
1 2 6 | 9 7 5 | 4 8 3 
---------------------
5 6 9 | 7 4 1 | 8 3 2 
7 4 8 | 3 2 9 | 5 6 1 
3 1 2 | 5 8 6 | 7 4 9 
---------------------
9 5 1 | 4 6 3 | 2 7 8 
6 3 7 | 2 5 8 | 9 1 4 
2 8 4 | 1 9 7 | 3 5 6 
Time taken for Bit Manipulation: 1712934 nanoseconds
Memory used for Bit Manipulation: 922792 bytes

DLX Result:
4 7 3 | 8 1 2 | 6 9 5 
8 9 5 | 6 3 4 | 1 2 7 
1 2 6 | 9 7 5 | 4 8 3 
---------------------
5 6 9 | 7 4 1 | 8 3 2 
7 4 8 | 3 2 9 | 5 6 1 
3 1 2 | 5 8 6 | 7 4 9 
---------------------
9 5 1 | 4 6 3 | 2 7 8 
6 3 7 | 2 5 8 | 9 1 4 
2 8 4 | 1 9 7 | 3 5 6 
Time taken for DLX: 5771279 nanoseconds
Memory used for DLX: 506640 bytes

Basic Backtracking Result:
4 7 3 | 8 1 2 | 6 9 5 
8 9 5 | 6 3 4 | 1 2 7 
1 2 6 | 9 7 5 | 4 8 3 
---------------------
5 6 9 | 7 4 1 | 8 3 2 
7 4 8 | 3 2 9 | 5 6 1 
3 1 2 | 5 8 6 | 7 4 9 
---------------------
9 5 1 | 4 6 3 | 2 7 8 
6 3 7 | 2 5 8 | 9 1 4 
2 8 4 | 1 9 7 | 3 5 6 
Time taken for Basic Backtracking: 7809378 nanoseconds
Memory used for Basic Backtracking: 66824 bytes

Solver timing comparison for 40 puzzles:
===========================================================================================
Puzzle | Bit Manipulation          | Dancing Links (DLX)       | Basic Backtracking       
-------|---------------------------|---------------------------|---------------------------
       | Time (ms)  Calls          | Time (ms)  Calls          | Time (ms)  Calls         
-------|---------------------------|---------------------------|---------------------------
1      | 0.894      36457          | 1.093      82             | 4.338      23873         
2      | 4.727      128459         | 1.838      110            | 7.431      79659         
3      | 0.767      27889          | 1.029      82             | 1.786      16803         
4      | 0.810      23390          | 1.119      145            | 1.847      18344         
5      | 3.757      145318         | 0.963      103            | 6.779      100784        
6      | 2.613      131908         | 0.376      82             | 7.476      99003         
7      | 0.484      32064          | 0.322      82             | 1.061      18244         
8      | 8.467      278723         | 0.367      87             | 17.865     255822        
9      | 8.541      430953         | 0.340      110            | 20.294     306254        
10     | 0.783      38749          | 0.328      82             | 1.894      30838         
11     | 0.027      361            | 0.326      82             | 0.038      310           
12     | 0.018      135            | 0.362      82             | 0.018      95            
13     | 0.012      105            | 0.310      82             | 0.013      79            
14     | 0.062      1798           | 0.315      88             | 0.103      1211          
15     | 0.041      464            | 0.302      82             | 0.049      408           
16     | 0.053      1046           | 0.333      82             | 0.091      845           
17     | 0.028      291            | 0.449      82             | 0.041      214           
18     | 0.041      500            | 0.345      82             | 0.054      445           
19     | 300.391    14308238       | 0.333      82             | 760.989    12176034      
20     | 0.116      3555           | 0.351      82             | 0.239      2679          
21     | 0.279      13273          | 0.312      82             | 0.624      9510          
22     | 0.021      173            | 0.322      82             | 0.022      127           
23     | 1.726      82886          | 0.332      82             | 3.832      68433         
24     | 21.495     744992         | 0.469      82             | 50.124     646045        
25     | 0.047      409            | 0.470      82             | 0.054      332           
26     | 0.174      6294           | 0.385      110            | 0.262      3997          
27     | 0.221      3228           | 0.640      82             | 0.622      3110          
28     | 1.606      57004          | 0.673      82             | 5.347      38223         
29     | 0.091      2180           | 0.488      82             | 0.134      1280          
30     | 0.079      596            | 0.387      82             | 0.065      492           
31     | 0.208      6574           | 0.315      82             | 0.381      5455          
32     | 0.027      100            | 0.340      82             | 0.030      73            
33     | 0.020      147            | 0.336      82             | 0.028      114           
34     | 0.123      3706           | 0.480      82             | 0.204      2376          
35     | 8.247      443657         | 0.349      82             | 20.578     349592        
36     | 0.045      749            | 0.332      82             | 0.075      630           
37     | 11.303     699528         | 0.337      82             | 27.145     498985        
38     | 0.021      152            | 0.340      82             | 0.035      105           
39     | 0.061      1611           | 0.370      82             | 0.138      1160          
40     | 0.038      412            | 0.535      82             | 0.112      370           

Detailed Timing Summary (milliseconds):
=======================================================================================
Metric               | Bit Manipulation     | Dancing Links        | Basic Backtracking  
---------------------|----------------------|----------------------|-------------------
Average time (ms)    | 10.671431            | 0.372745             | 23.852743           
Min time (ms)        | 0.011591             | 0.286921             | 0.013085            
Max time (ms)        | 353.845624           | 0.987964             | 775.113120          
Total time (ms)      | 426.857225           | 14.909806            | 954.109732          
Total memory (bytes) | 107200               | 18279232             | 148032              
Avg memory (bytes)   | 2680                 | 456980               | 3700                

Fastest method overall: Dancing Links (DLX)

Speed comparison (higher is better):
Bit Manipulation vs DLX:          0.03x
Bit Manipulation vs Backtracking: 2.24x
DLX vs Backtracking:             63.99x

Memory usage comparison (lower is better):
Bit Manipulation vs DLX:          170.52x
Bit Manipulation vs Backtracking: 1.38x
DLX vs Backtracking:             0.01x
