Total puzzles loaded: 40
Example Puzzle:
8 0 0 | 2 6 0 | 0 0 4 
0 1 0 | 0 8 3 | 0 6 2 
2 6 0 | 7 4 0 | 1 0 0 
---------------------
0 0 6 | 0 7 8 | 2 1 0 
0 0 4 | 0 3 2 | 0 8 0 
0 2 0 | 0 0 9 | 0 0 7 
---------------------
7 4 0 | 0 1 6 | 0 2 0 
0 3 0 | 8 0 4 | 0 7 1 
0 0 1 | 0 2 7 | 0 0 6 

Bit Manipulation Result:
8 9 7 | 2 6 1 | 3 5 4 
4 1 5 | 9 8 3 | 7 6 2 
2 6 3 | 7 4 5 | 1 9 8 
---------------------
3 5 6 | 4 7 8 | 2 1 9 
9 7 4 | 1 3 2 | 6 8 5 
1 2 8 | 6 5 9 | 4 3 7 
---------------------
7 4 9 | 5 1 6 | 8 2 3 
6 3 2 | 8 9 4 | 5 7 1 
5 8 1 | 3 2 7 | 9 4 6 
Time taken for Bit Manipulation: 379138 nanoseconds
Memory used for Bit Manipulation: 922792 bytes

DLX Result:
8 9 7 | 2 6 1 | 3 5 4 
4 1 5 | 9 8 3 | 7 6 2 
2 6 3 | 7 4 5 | 1 9 8 
---------------------
3 5 6 | 4 7 8 | 2 1 9 
9 7 4 | 1 3 2 | 6 8 5 
1 2 8 | 6 5 9 | 4 3 7 
---------------------
7 4 9 | 5 1 6 | 8 2 3 
6 3 2 | 8 9 4 | 5 7 1 
5 8 1 | 3 2 7 | 9 4 6 
Time taken for DLX: 4087422 nanoseconds
Memory used for DLX: 380792 bytes

Basic Backtracking Result:
8 9 7 | 2 6 1 | 3 5 4 
4 1 5 | 9 8 3 | 7 6 2 
2 6 3 | 7 4 5 | 1 9 8 
---------------------
3 5 6 | 4 7 8 | 2 1 9 
9 7 4 | 1 3 2 | 6 8 5 
1 2 8 | 6 5 9 | 4 3 7 
---------------------
7 4 9 | 5 1 6 | 8 2 3 
6 3 2 | 8 9 4 | 5 7 1 
5 8 1 | 3 2 7 | 9 4 6 
Time taken for Basic Backtracking: 1206935 nanoseconds
Memory used for Basic Backtracking: 65536 bytes

Solver timing comparison for 40 puzzles:
===========================================================================================
Puzzle | Bit Manipulation          | Dancing Links (DLX)       | Basic Backtracking       
-------|---------------------------|---------------------------|---------------------------
       | Time (ms)  Calls          | Time (ms)  Calls          | Time (ms)  Calls         
-------|---------------------------|---------------------------|---------------------------
1      | 0.076      1223           | 0.880      82             | 0.372      559           
2      | 0.036      756            | 0.827      82             | 0.204      321           
3      | 0.076      519            | 1.503      82             | 0.123      280           
4      | 0.082      841            | 1.011      82             | 0.106      462           
5      | 0.040      111            | 1.004      89             | 0.042      56            
6      | 0.059      353            | 1.039      82             | 0.049      182           
7      | 0.067      497            | 0.954      82             | 0.050      229           
8      | 0.054      501            | 0.942      82             | 0.056      269           
9      | 0.030      220            | 0.701      82             | 0.035      115           
10     | 0.065      939            | 0.778      82             | 0.113      500           
11     | 1.387      27220          | 0.958      85             | 2.968      19723         
12     | 1.304      23673          | 0.845      82             | 2.796      17968         
13     | 1.951      42714          | 0.959      87             | 4.425      28662         
14     | 0.129      1847           | 0.722      82             | 0.189      853           
15     | 0.892      19066          | 1.447      82             | 1.381      13325         
16     | 0.061      933            | 0.348      82             | 0.064      699           
17     | 0.376      14086          | 0.541      89             | 1.239      9029          
18     | 0.464      10925          | 0.543      82             | 0.828      7259          
19     | 0.293      8326           | 0.484      82             | 0.647      5642          
20     | 0.031      257            | 0.635      82             | 0.057      183           
21     | 0.209      4294           | 0.686      83             | 0.359      2591          
22     | 0.133      3340           | 0.585      82             | 0.240      2047          
23     | 0.102      1978           | 0.899      82             | 0.187      1319          
24     | 0.073      1049           | 0.541      82             | 0.095      667           
25     | 0.101      1744           | 0.533      82             | 0.177      1203          
26     | 0.040      336            | 0.947      82             | 0.058      208           
27     | 0.149      1707           | 0.667      82             | 0.124      1118          
28     | 0.457      11050          | 0.608      82             | 0.719      6295          
29     | 0.487      27325          | 0.454      82             | 0.990      14938         
30     | 0.023      139            | 0.450      82             | 0.034      89            
31     | 0.042      489            | 0.504      94             | 0.042      278           
32     | 0.124      2347           | 1.083      82             | 0.214      1422          
33     | 0.326      7150           | 1.084      82             | 0.631      4890          
34     | 0.061      571            | 0.976      82             | 0.077      393           
35     | 0.088      1455           | 0.519      82             | 0.150      968           
36     | 0.055      500            | 0.493      82             | 0.044      375           
37     | 0.064      1800           | 0.310      82             | 0.110      1359          
38     | 0.067      3373           | 0.285      82             | 0.121      1864          
39     | 0.019      319            | 0.286      82             | 0.025      176           
40     | 0.091      5058           | 0.296      82             | 0.187      3010          

Detailed Timing Summary (milliseconds):
=======================================================================================
Metric               | Bit Manipulation     | Dancing Links        | Basic Backtracking  
---------------------|----------------------|----------------------|-------------------
Average time (ms)    | 0.187765             | 0.441357             | 0.392857            
Min time (ms)        | 0.012488             | 0.274798             | 0.009959            
Max time (ms)        | 1.440019             | 1.011010             | 3.933465            
Total time (ms)      | 7.510607             | 17.654275            | 15.714273           
Total memory (bytes) | 107200               | 17619048             | 143120              
Avg memory (bytes)   | 2680                 | 440476               | 3578                

Fastest method overall: Bit Manipulation

Speed comparison (higher is better):
Bit Manipulation vs DLX:          2.35x
Bit Manipulation vs Backtracking: 2.09x
DLX vs Backtracking:             0.89x

Memory usage comparison (lower is better):
Bit Manipulation vs DLX:          164.36x
Bit Manipulation vs Backtracking: 1.34x
DLX vs Backtracking:             0.01x
