Total puzzles loaded: 40
Example Puzzle:
5 0 0 | 9 8 0 | 6 7 0 
6 0 0 | 0 0 0 | 0 3 1 
0 2 0 | 6 1 3 | 0 4 0 
---------------------
0 9 6 | 8 0 2 | 1 0 7 
0 0 8 | 0 0 5 | 0 9 0 
7 0 3 | 1 9 0 | 0 0 0 
---------------------
9 6 2 | 0 7 0 | 0 1 0 
1 0 5 | 0 0 0 | 7 6 0 
0 7 0 | 5 0 0 | 9 0 0 

Bit Manipulation Result:
5 3 1 | 9 8 4 | 6 7 2 
6 4 9 | 2 5 7 | 8 3 1 
8 2 7 | 6 1 3 | 5 4 9 
---------------------
4 9 6 | 8 3 2 | 1 5 7 
2 1 8 | 7 4 5 | 3 9 6 
7 5 3 | 1 9 6 | 2 8 4 
---------------------
9 6 2 | 3 7 8 | 4 1 5 
1 8 5 | 4 2 9 | 7 6 3 
3 7 4 | 5 6 1 | 9 2 8 
Time taken for Bit Manipulation: 100113 nanoseconds
Memory used for Bit Manipulation: 461392 bytes

DLX Result:
5 3 1 | 9 8 4 | 6 7 2 
6 4 9 | 2 5 7 | 8 3 1 
8 2 7 | 6 1 3 | 5 4 9 
---------------------
4 9 6 | 8 3 2 | 1 5 7 
2 1 8 | 7 4 5 | 3 9 6 
7 5 3 | 1 9 6 | 2 8 4 
---------------------
9 6 2 | 3 7 8 | 4 1 5 
1 8 5 | 4 2 9 | 7 6 3 
3 7 4 | 5 6 1 | 9 2 8 
Time taken for DLX: 4353690 nanoseconds
Memory used for DLX: 380792 bytes

Basic Backtracking Result:
5 3 1 | 9 8 4 | 6 7 2 
6 4 9 | 2 5 7 | 8 3 1 
8 2 7 | 6 1 3 | 5 4 9 
---------------------
4 9 6 | 8 3 2 | 1 5 7 
2 1 8 | 7 4 5 | 3 9 6 
7 5 3 | 1 9 6 | 2 8 4 
---------------------
9 6 2 | 3 7 8 | 4 1 5 
1 8 5 | 4 2 9 | 7 6 3 
3 7 4 | 5 6 1 | 9 2 8 
Time taken for Basic Backtracking: 108616 nanoseconds
Memory used for Basic Backtracking: 65536 bytes

Solver timing comparison for 40 puzzles:
===========================================================================================
Puzzle | Bit Manipulation          | Dancing Links (DLX)       | Basic Backtracking       
-------|---------------------------|---------------------------|---------------------------
       | Time (ms)  Calls          | Time (ms)  Calls          | Time (ms)  Calls         
-------|---------------------------|---------------------------|---------------------------
1      | 0.029      103            | 1.017      82             | 0.068      52            
2      | 0.095      168            | 0.947      82             | 0.110      86            
3      | 0.030      159            | 0.743      82             | 0.065      82            
4      | 0.021      149            | 0.738      82             | 0.041      78            
5      | 0.018      156            | 0.726      82             | 0.040      77            
6      | 0.026      171            | 0.660      82             | 0.041      85            
7      | 0.025      198            | 0.895      82             | 0.070      113           
8      | 0.089      1725           | 0.549      82             | 0.448      1244          
9      | 0.028      366            | 0.514      82             | 0.102      218           
10     | 0.027      441            | 0.479      82             | 0.081      243           
11     | 0.017      108            | 0.484      82             | 0.026      56            
12     | 0.032      429            | 0.489      82             | 0.109      258           
13     | 0.040      811            | 0.501      82             | 0.134      419           
14     | 0.014      109            | 0.321      82             | 0.022      46            
15     | 0.016      120            | 0.351      82             | 0.021      60            
16     | 0.019      119            | 0.598      82             | 0.018      61            
17     | 0.047      138            | 0.330      82             | 0.018      69            
18     | 0.043      873            | 0.344      82             | 0.053      543           
19     | 0.021      104            | 0.301      82             | 0.031      44            
20     | 0.071      915            | 0.401      82             | 0.043      448           
21     | 0.021      141            | 0.306      82             | 0.015      69            
22     | 0.027      503            | 0.278      82             | 0.032      282           
23     | 0.020      389            | 0.289      82             | 0.029      211           
24     | 0.016      175            | 0.287      82             | 0.015      90            
25     | 0.020      146            | 0.559      82             | 0.023      68            
26     | 0.039      556            | 0.463      82             | 0.038      253           
27     | 0.026      396            | 0.285      82             | 0.029      219           
28     | 0.014      171            | 0.279      82             | 0.013      86            
29     | 0.014      148            | 0.272      82             | 0.014      72            
30     | 0.012      98             | 0.271      82             | 0.009      41            
31     | 0.017      93             | 0.297      82             | 0.010      45            
32     | 0.017      233            | 0.278      82             | 0.016      123           
33     | 0.015      226            | 0.281      82             | 0.017      130           
34     | 0.014      187            | 0.284      82             | 0.014      83            
35     | 0.019      239            | 0.285      82             | 0.025      187           
36     | 0.015      177            | 0.278      82             | 0.016      107           
37     | 0.013      97             | 0.274      82             | 0.009      42            
38     | 0.015      160            | 0.287      82             | 0.014      90            
39     | 0.023      150            | 0.302      82             | 0.025      76            
40     | 0.019      123            | 0.320      82             | 0.014      56            

Detailed Timing Summary (milliseconds):
=======================================================================================
Metric               | Bit Manipulation     | Dancing Links        | Basic Backtracking  
---------------------|----------------------|----------------------|-------------------
Average time (ms)    | 0.032060             | 0.483817             | 0.033116            
Min time (ms)        | 0.012074             | 0.267730             | 0.010342            
Max time (ms)        | 0.071169             | 0.895757             | 0.111611            
Total time (ms)      | 1.282402             | 19.352690            | 1.324629            
Total memory (bytes) | 107200               | 17197320             | 139888              
Avg memory (bytes)   | 2680                 | 429933               | 3497                

Fastest method overall: Bit Manipulation

Speed comparison (higher is better):
Bit Manipulation vs DLX:          15.09x
Bit Manipulation vs Backtracking: 1.03x
DLX vs Backtracking:             0.07x

Memory usage comparison (lower is better):
Bit Manipulation vs DLX:          160.42x
Bit Manipulation vs Backtracking: 1.30x
DLX vs Backtracking:             0.01x
