Total puzzles loaded: 40
Example Puzzle:
0 0 1 | 0 0 0 | 0 0 0 
0 4 9 | 1 8 3 | 2 0 7 
0 2 7 | 0 0 4 | 0 0 3 
---------------------
2 1 8 | 0 0 0 | 0 4 0 
0 0 0 | 0 0 0 | 0 0 0 
0 0 0 | 4 0 8 | 0 9 6 
---------------------
0 0 0 | 0 0 0 | 0 7 0 
0 8 5 | 3 7 0 | 4 2 0 
3 0 0 | 0 0 0 | 0 6 1 

Bit Manipulation Result:
5 3 1 | 2 6 7 | 9 8 4 
6 4 9 | 1 8 3 | 2 5 7 
8 2 7 | 9 5 4 | 6 1 3 
---------------------
2 1 8 | 6 3 9 | 7 4 5 
4 9 6 | 7 1 5 | 8 3 2 
7 5 3 | 4 2 8 | 1 9 6 
---------------------
9 6 2 | 5 4 1 | 3 7 8 
1 8 5 | 3 7 6 | 4 2 9 
3 7 4 | 8 9 2 | 5 6 1 
Time taken for Bit Manipulation: 500224 nanoseconds
Memory used for Bit Manipulation: 922792 bytes

DLX Result:
5 3 1 | 2 6 7 | 9 8 4 
6 4 9 | 1 8 3 | 2 5 7 
8 2 7 | 9 5 4 | 6 1 3 
---------------------
2 1 8 | 6 3 9 | 7 4 5 
4 9 6 | 7 1 5 | 8 3 2 
7 5 3 | 4 2 8 | 1 9 6 
---------------------
9 6 2 | 5 4 1 | 3 7 8 
1 8 5 | 3 7 6 | 4 2 9 
3 7 4 | 8 9 2 | 5 6 1 
Time taken for DLX: 4904000 nanoseconds
Memory used for DLX: 632576 bytes

Basic Backtracking Result:
5 3 1 | 2 6 7 | 9 8 4 
6 4 9 | 1 8 3 | 2 5 7 
8 2 7 | 9 5 4 | 6 1 3 
---------------------
2 1 8 | 6 3 9 | 7 4 5 
4 9 6 | 7 1 5 | 8 3 2 
7 5 3 | 4 2 8 | 1 9 6 
---------------------
9 6 2 | 5 4 1 | 3 7 8 
1 8 5 | 3 7 6 | 4 2 9 
3 7 4 | 8 9 2 | 5 6 1 
Time taken for Basic Backtracking: 1230243 nanoseconds
Memory used for Basic Backtracking: 66792 bytes

Solver timing comparison for 40 puzzles:
===========================================================================================
Puzzle | Bit Manipulation          | Dancing Links (DLX)       | Basic Backtracking       
-------|---------------------------|---------------------------|---------------------------
       | Time (ms)  Calls          | Time (ms)  Calls          | Time (ms)  Calls         
-------|---------------------------|---------------------------|---------------------------
1      | 0.096      1307           | 1.152      82             | 0.409      1026          
2      | 0.037      173            | 1.662      82             | 0.149      105           
3      | 0.230      2790           | 1.425      82             | 1.346      2155          
4      | 0.129      1578           | 1.349      82             | 0.173      1046          
5      | 0.389      5788           | 1.712      82             | 0.426      4220          
6      | 0.188      7072           | 0.834      82             | 0.346      5032          
7      | 0.142      6438           | 0.562      82             | 0.285      4115          
8      | 0.080      3174           | 0.652      82             | 0.168      2265          
9      | 0.181      5292           | 1.240      82             | 0.465      3090          
10     | 0.126      2571           | 1.169      82             | 0.205      1535          
11     | 2.450      53806          | 0.912      82             | 2.452      40084         
12     | 0.034      641            | 0.541      82             | 0.053      498           
13     | 0.034      669            | 0.501      82             | 0.052      450           
14     | 0.250      8840           | 0.876      82             | 0.951      7088          
15     | 0.042      371            | 0.880      82             | 0.055      260           
16     | 0.211      6332           | 0.646      82             | 0.437      3608          
17     | 0.981      58727          | 0.346      82             | 2.263      41328         
18     | 1.911      94784          | 0.369      82             | 3.794      62954         
19     | 0.028      113            | 0.603      82             | 0.023      72            
20     | 0.083      1050           | 0.559      82             | 0.149      864           
21     | 0.033      298            | 0.538      82             | 0.048      212           
22     | 0.083      1366           | 0.376      82             | 0.168      856           
23     | 0.055      572            | 0.705      82             | 0.080      362           
24     | 1.007      26565          | 0.639      82             | 2.303      19280         
25     | 0.096      893            | 0.863      82             | 0.157      576           
26     | 0.272      8580           | 0.554      82             | 0.460      4925          
27     | 0.063      2278           | 0.315      82             | 0.210      1390          
28     | 0.575      20750          | 0.354      82             | 0.808      15572         
29     | 0.045      1137           | 0.304      82             | 0.106      705           
30     | 0.045      491            | 0.780      82             | 0.085      410           
31     | 0.031      362            | 0.478      89             | 0.054      229           
32     | 0.137      4960           | 0.334      82             | 0.201      3181          
33     | 0.030      169            | 0.587      82             | 0.034      109           
34     | 0.117      2463           | 0.529      82             | 0.118      1731          
35     | 0.028      447            | 0.311      82             | 0.039      314           
36     | 0.098      3882           | 0.348      82             | 0.186      2945          
37     | 0.050      1744           | 0.338      98             | 0.082      1057          
38     | 0.198      4239           | 0.608      82             | 0.314      2554          
39     | 6.188      228394         | 0.389      82             | 7.611      150757        
40     | 0.048      555            | 0.361      83             | 0.092      471           

Detailed Timing Summary (milliseconds):
=======================================================================================
Metric               | Bit Manipulation     | Dancing Links        | Basic Backtracking  
---------------------|----------------------|----------------------|-------------------
Average time (ms)    | 0.271847             | 0.382483             | 0.605799            
Min time (ms)        | 0.012535             | 0.277705             | 0.013460            
Max time (ms)        | 3.506630             | 0.743689             | 7.566709            
Total time (ms)      | 10.873887            | 15.299314            | 24.231968           
Total memory (bytes) | 107200               | 17899176             | 145152              
Avg memory (bytes)   | 2680                 | 447479               | 3628                

Fastest method overall: Bit Manipulation

Speed comparison (higher is better):
Bit Manipulation vs DLX:          1.41x
Bit Manipulation vs Backtracking: 2.23x
DLX vs Backtracking:             1.58x

Memory usage comparison (lower is better):
Bit Manipulation vs DLX:          166.97x
Bit Manipulation vs Backtracking: 1.35x
DLX vs Backtracking:             0.01x
